Name,Timing,Result
smack_ptr_eq_test,4.07369,passed
smack_add_size_saturating_test,4.44112,passed
smack_is_power_of_two_test,4.59833,passed
smack_mul_size_saturating_test,4.99854,passed
smack_round_up_to_power_of_two_test,9.89865,passed
smack_array_eq_c_str_test,26.8121,passed
smack_add_size_checked_test,50.9019,passed
smack_array_eq_c_str_ignore_case_test,53.6327,passed
smack_mul_size_checked_test,118.733,passed
smack_array_eq_test,200.122,failed
smack_array_eq_ignore_case_test,200.124,failed
smack_array_list_back_test,200.031,failed
smack_array_list_capacity_test,200.03,failed
smack_array_list_clean_up_test,200.03,failed
smack_array_list_clear_test,200.043,failed
smack_array_list_comparator_string_test,200.024,failed
smack_array_list_copy_test,200.082,failed
smack_array_list_ensure_capacity_test,200.121,failed
smack_array_list_erase_test,200.124,failed
smack_array_list_front_test,200.035,failed
smack_array_list_get_at_test,200.035,failed
smack_array_list_get_at_ptr_test,200.016,failed
smack_array_list_init_dynamic_test,200.046,failed
smack_array_list_init_static_test,200.028,failed
smack_array_list_length_test,200.106,failed
smack_array_list_pop_back_test,200.122,failed
smack_array_list_pop_front_test,200.12,failed
smack_array_list_pop_front_n_test,200.027,failed
smack_array_list_push_back_test,200.027,failed
smack_array_list_set_at_test,200.027,failed
smack_array_list_shrink_to_fit_test,200.041,failed
smack_array_list_sort_test,200.022,failed
smack_byte_buf_clean_up_test,45.5221,passed
smack_array_list_swap_test,200.044,failed
smack_byte_buf_clean_up_secure_test,57.0531,passed
smack_array_list_swap_contents_test,200.09,failed
smack_byte_buf_advance_test,200.093,failed
smack_byte_buf_append_test,200.028,failed
smack_byte_buf_append_dynamic_test,200.03,failed
smack_byte_buf_append_with_lookup_test,200.027,failed
smack_byte_buf_cat_test,200.049,failed
smack_byte_buf_eq_c_str_ignore_case_test,98.897,passed
smack_byte_buf_init_test,66.719,passed
smack_byte_buf_eq_test,200.022,failed
smack_byte_buf_eq_c_str_test,200.058,failed
smack_byte_buf_eq_ignore_case_test,200.067,failed
smack_byte_buf_from_array_test,200.041,failed
smack_byte_buf_from_c_str_test,200.032,failed
smack_byte_buf_from_empty_array_test,200.038,failed
smack_byte_buf_reserve_test,132.929,failed
smack_byte_buf_init_copy_test,200.063,failed
smack_byte_buf_init_copy_from_cursor_test,200.043,failed
smack_byte_buf_secure_zero_test,144.377,passed
smack_byte_buf_reserve_relative_test,200.019,failed
smack_byte_buf_reset_test,200.069,failed
smack_byte_buf_write_test,200.035,failed
smack_byte_buf_write_be16_test,200.03,failed
smack_byte_buf_write_be32_test,200.042,failed
smack_byte_buf_write_be64_test,200.06,failed
smack_byte_buf_write_from_whole_buffer_test,200.058,failed
smack_byte_buf_write_from_whole_cursor_test,200.055,failed
smack_byte_buf_write_from_whole_string_test,200.024,failed
smack_byte_buf_write_u8_test,200.059,failed
smack_byte_cursor_advance_test,200.04,failed
smack_byte_cursor_eq_c_str_test,65.2339,passed
smack_byte_cursor_compare_lexical_test,200.022,failed
smack_byte_cursor_compare_lookup_test,200.039,failed
smack_byte_cursor_eq_c_str_ignore_case_test,56.2361,passed
smack_byte_cursor_eq_test,200.064,failed
smack_byte_cursor_eq_byte_buf_test,200.049,failed
smack_byte_cursor_eq_byte_buf_ignore_case_test,200.05,failed
smack_byte_cursor_eq_ignore_case_test,200.086,failed
smack_byte_cursor_from_array_test,200.025,failed
smack_byte_cursor_from_buf_test,200.035,failed
smack_byte_cursor_from_c_str_test,200.043,failed
smack_byte_cursor_left_trim_pred_test,200.027,failed
smack_hash_array_ignore_case_test,51.0428,passed
smack_byte_cursor_right_trim_pred_test,200.039,failed
smack_byte_cursor_satisfies_pred_test,200.046,failed
smack_byte_cursor_trim_pred_test,200.055,failed
smack_hash_byte_cursor_ptr_ignore_case_test,99.0989,passed
smack_hash_ptr_test,200.081,failed
smack_hash_string_test,200.025,failed
smack_hash_byte_cursor_ptr_test,200.054,failed
smack_hash_callback_string_destroy_test,105.725,passed
smack_hash_c_string_test,181.929,passed
smack_hash_callback_string_eq_test,200.064,failed
smack_hash_callback_c_str_eq_test,200.062,failed
smack_hash_iter_begin_test,200.059,failed
smack_hash_iter_begin_done_test,200.077,failed
smack_hash_iter_next_test,200.027,failed
smack_hash_iter_done_test,200.047,failed
smack_hash_iter_delete_test,200.026,failed
smack_hash_table_eq_test,200.021,failed
smack_hash_table_get_entry_count_test,200.061,failed
smack_hash_table_move_test,200.036,failed
smack_hash_table_swap_test,200.061,failed
smack_hash_table_clean_up_test,200.084,failed
smack_hash_table_clear_test,200.016,failed
smack_hash_table_create_test,200.048,failed
smack_hash_table_foreach_test,200.026,failed
smack_hash_table_find_test,200.034,failed
smack_hash_table_init_bounded_test,200.058,failed
smack_linked_list_init_test,8.88132,passed
smack_hash_table_init_unbounded_test,200.031,failed
smack_hash_table_put_test,200.059,failed
smack_hash_table_remove_test,200.073,failed
smack_linked_list_back_test,200.022,failed
smack_linked_list_begin_test,200.046,failed
smack_linked_list_node_reset_test,6.56052,passed
smack_linked_list_end_test,200.014,failed
smack_linked_list_front_test,200.015,failed
smack_linked_list_remove_test,200.065,failed
smack_linked_list_pop_back_test,200.026,failed
smack_linked_list_pop_front_test,200.053,failed
smack_linked_list_prev_test,200.069,failed
smack_linked_list_next_test,200.03,failed
smack_linked_list_push_back_test,200.053,failed
smack_linked_list_push_front_test,200.024,failed
smack_linked_list_swap_contents_test,200.027,failed
smack_linked_list_insert_after_test,200.079,failed
smack_linked_list_insert_before_test,200.024,failed
smack_linked_list_rbegin_test,200.056,failed
smack_linked_list_rend_test,200.087,failed
smack_string_bytes_test,200.023,failed
smack_string_compare_test,200.057,failed
smack_string_eq_test,200.023,failed
smack_string_eq_byte_buf_test,200.021,failed
smack_string_new_from_c_str_test,46.4199,passed
smack_string_eq_byte_buf_ignore_case_test,200.019,failed
smack_string_eq_byte_cursor_test,200.056,failed
smack_string_eq_c_str_test,107.144,passed
smack_string_destroy_test,37.2503,passed
smack_string_eq_c_str_ignore_case_test,128.418,passed
smack_string_eq_byte_cursor_ignore_case_test,200.028,failed
smack_string_destroy_secure_test,102.194,failed
smack_string_eq_ignore_case_test,200.053,failed
smack_string_new_from_array_test,200.022,failed
smack_string_new_from_string_test,200.068,failed
smack_priority_queue_size_test,200.039,failed
smack_priority_queue_capacity_test,200.04,failed
smack_priority_queue_top_test,200.032,failed
smack_priority_queue_init_static_test,200.023,failed
smack_priority_queue_init_dynamic_test,200.092,failed
smack_priority_queue_clean_up_test,200.062,failed
smack_ring_buffer_clean_up_test,200.022,failed
smack_ring_buffer_init_test,200.063,failed
smack_priority_queue_s_swap_test,200.044,failed
smack_priority_queue_s_sift_up_test,200.06,failed
smack_priority_queue_s_sift_down_test,200.031,failed
smack_priority_queue_s_sift_either_test,200.033,failed
smack_priority_queue_s_remove_node_test,200.089,failed
smack_priority_queue_remove_test,200.061,failed
smack_priority_queue_pop_test,200.014,failed
smack_priority_queue_push_test,200.064,failed
smack_priority_queue_push_ref_test,200.042,failed
smack_ring_buffer_release_test,200.025,failed
smack_ring_buffer_acquire_test,200.011,failed
smack_ring_buffer_buf_belongs_to_pool_test,200.018,failed
smack_ring_buffer_acquire_up_to_test,200.063,failed
smack_hash_table_foreach_deep_loose_test,200.018,failed
smack_hash_table_foreach_deep_precise_test,200.01,failed
